,12435
,12434
,12339
,12180
,12179
,12178
,12131
,11411
,11384
,11309
,11308
,11241
,11221
,11214
,11211
,11171
,11106
,11084
,11065
,11051
,11015
,10970
,10912
,10907
,10892
,10875
,10874
,10851
,10846
,10841
,10835
,10808
,10804
,10802
,10706
,10702
,10674
,10663
,10661
,10615
,10559
,10535
,10532
,10529
,10495
,10492
,10479
,10464
,10352
,10350
,10344
,10298
,10284
,10274
,10273
,10232
,10220
,10174
,10163
,10092
,10010
,9932
,9930
,9910
,9903
,9876
,9834
,9813
,9802
,9670
,9644
,9616
,9393
,9294
,9236
,9179
,9153
,9012
,8963
,8924
,8918
,8911
,8893
,8890
,8883
,8881
,8875
,8863
,8860
,8857
,8841
,8828
,8825
,8816
,8804
,8803
,8797
,8796
,8795
,8788
,8761
,8757
,8679
,8504
,8493
,8492
,8448
,8435
,8434
,8431
,8412
,8408
,8390
,8379
,8368
,8361
,8358
,8353
,8342
,8334
,8332
,8327
,8325
,8322
,8319
,8306
,8190
,8158
,8104
,8085
,8081
,8057
,8035
,8031
,8030
,8029
,8028
,8023
,8012
,8006
,8004
,7999
,7975
,7973
,7968
,7948
,7943
,7930
,7928
,7922
,7905
,7674
,7638
,7635
,7564
,7559
,7557
,7556
,7548
,7542
,7540
,7533
,7422
,7421
,7418
,7417
,2884
,1519
,1847
,1848
,1850
,1858
,1859
,1865
,1866
,1870
,1871
,1872
,1886
,1889
,1904
,1906
,1907
,1917
,1969
,1997
,2025
,2035
,2046
,2047
,2051
,2052
,2055
,1846
,1518
,6744
,6741
,6739
,6736
,6733
,6731
,6145
,6144
,6064
,5979
,5898
,5818
,5814
,5813
,5805
,5763
,5730
,5682
,5615
,5582
,5573
,1240
,1411
,1218
,12707
,12657
,12597
,12212
,12172
,12171
,11991
,11981
,11939
,11762
,11663
,11606
,11602
,11598
,11550
,11548
,11543
,11538
,11523
,11521
,11513
,11512
,11511
,11487
,11486
,11394
,11376
,11370
,11360
,11323
,11305
,11298
,11293
,11292
,11189
,11174
,11158
,11093
,11091
,11066
,11044
,11042
,11040
,11037
,11029
,11001
,10996
,10960
,10958
,10953
,10940
,10938
,10936
,10930
,10919
,10864
,10861
,10856
,10854
,10852
,10829
,10763
,10752
,10723
,10692
,10574
,10573
,10571
,10546
,10542
,10527
,10523
,10508
,10505
,10489
,10476
,10463
,10460
,10452
,10446
,10431
,10428
,10427
,10426
,10422
,10407
,10401
,10379
,10378
,10368
,10366
,10365
,10357
,10294
,10292
,10285
,10281
,10280
,10276
,10262
,10255
,10254
,10247
,10134
,9836
,9774
,9378
,9184
,9174
,9166
,9164
,9150
,9149
,8656
,8655
,8650
,8649
,6152
,6139
,6125
,6123
,6121
,6118
,6113
,6111
,6109
,6104
,6096
,6089
,6083
,6082
,6072
,6062
,6045
,5980
,5925
,5863
,5850
,5838
,5835
,5785
,5774
,5762
,5737
,5668
,5666
,5660
,5653
,5650
,5649
,5646
,5641
,5636
,5635
,5634
,5525
,5405
,7823
,3975
,3974
,5346
,5138
,4572
,4571
,3711
,2555
,2556
,2557
,2559
,2554
,12433
,10410
,3776
,3749
,3712
,3710
,431
,432
,433
,451
,452
,455
,458
,459
,479
,480
,485
,723
,724
,766
,769
,791
,792
,793
,796
,814
,1053
,430
,9138
,9136
,9132
,9125
,9121
,9042
,9040
,9039
,9034
,8973
,8964
,8957
,8642
,8171
,8091
,8076
,7839
,7838
,7718
,7717
,7675
,7599
,7449
,7447
,7437
,7415
,7414
,5421
,5414
,5412
,5410
,5409
,5372
,5357
,5345
,5341
,5258
,5252
,5231
,5151
,5145
,5133
,5132
,5124
,5109
,5095
,5093
,5057
,5040
,5039
,5038
,5037
,5030
,4897
,4892
,3586
,3585
,3145
,3144
,3131
,3127
,3125
,3124
,3120
,3117
,3108
,3099
,3088
,3087
,3081
,3068
,3059
,3058
,3055
,3054
,3047
,225
,9117
,8778
,8123
,5239
,5125
,5059
,5058
,5029
,5020
,5017
,5014
,5008
,4970
,4969
,4968
,4927
,4919
,4914
,4707
,4706
,4596
,4578
,4553
,4544
,4542
,4455
,4370
,4366
,4360
,4276
,4266
,4259
,4250
,4236
,4235
,4223
,4213
,4199
,4176
,4175
,4170
,4169
,1239
,1316
,1385
,1238
,8227
,7944
,7552
,7551
,7085
,7080
,6975
,6727
,5995
,5840
,4839
,4826
,4819
,4812
,4790
,4777
,4773
,4742
,4721
,4702
,4679
,4671
,4643
,4598
,4568
,4054
,4053
,4024
,4023
,4022
,4016
,3994
,3992
,3041
,3039
,3038
,3035
,3031
,3021
,3020
,3018
,3017
,3016
,3015
,3014
,12690
,12687
,12548
,12540
,12307
,12306
,11938
,11821
,11574
,11556
,11289
,10989
,10981
,10899
,10143
,10120
,9964
,9829
,9662
,9658
,9347
,9185
,9038
,9031
,8980
,8873
,8677
,7874
,7864
,7843
,7833
,7832
,7642
,7560
,7504
,7474
,7344
,7216
,7156
,7146
,7106
,7088
,7083
,7082
,7074
,7020
,6985
,6981
,6960
,6878
,6820
,6798
,6786
,6577
,6486
,6395
,6374
,6281
,6238
,6227
,6087
,6019
,6014
,6013
,5983
,5967
,5899
,5817
,5810
,5699
,5690
,5588
,5576
,5575
,5518
,5484
,5423
,5396
,5350
,5303
,5140
,5126
,5117
,5101
,5074
,5065
,5028
,5024
,5007
,4998
,4995
,4989
,4977
,4921
,4895
,4894
,4817
,4803
,4764
,4763
,4762
,4761
,4760
,4759
,4758
,4757
,4756
,4752
,4748
,4743
,4737
,4734
,4709
,4705
,4677
,4676
,4673
,4672
,4669
,4621
,4615
,4614
,4610
,4609
,4606
,4603
,4601
,4599
,4592
,4589
,4587
,4577
,4573
,4557
,4556
,4555
,4551
,4550
,4548
,4540
,4530
,4527
,4515
,4511
,4510
,4509
,4508
,4507
,4505
,4504
,4499
,4497
,4494
,4485
,4481
,4480
,4479
,4470
,4463
,4462
,4461
,4460
,4459
,4457
,4456
,4453
,4439
,4435
,4430
,4420
,4413
,4411
,4410
,4407
,4406
,4404
,4396
,4393
,4390
,4389
,4387
,4384
,4382
,4378
,4376
,4375
,4369
,4367
,4357
,4346
,4344
,4343
,4340
,4330
,4325
,4323
,4322
,4320
,4319
,4317
,4315
,4314
,4291
,4290
,4289
,4282
,4264
,4248
,4241
,4240
,4239
,4238
,4237
,4230
,4229
,4227
,4225
,4224
,4209
,4208
,4193
,4189
,4187
,4186
,4184
,4183
,4182
,4180
,4179
,4178
,4173
,4165
,4154
,4145
,4140
,4134
,4117
,4116
,4114
,4113
,4108
,4106
,4103
,4101
,4100
,4096
,4095
,4094
,4086
,4084
,4080
,4076
,4065
,4048
,4047
,4041
,3608